18 118.528
13 91.9057
16 104.149
19 75.9264
12 33.434
15 59.5569
11 109.942
13 47.2276
3 106.916
7 40.5443
0 87.527
16 54.6506
9 29.8082
21 36.8933
7 98.8361
12 119.846
5 32.1001
22 24.2998
23 90.6671
11 64.793
15 87.8388
3 113.661
16 103.59
7 119.072
3 64.8324
18 20.6474
22 0.625535
16 101.645
16 0.221939
23 107.919
10 51.7309
4 97.8487
11 82.5403
18 106.99
11 12.1018
6 61.7925
13 94.7258
23 6.33236
4 51.1123
11 8.18081
15 4.75637
3 17.5333
16 93.0324
9 64.0769
22 87.294
21 1.32531
19 62.3154
4 75.5656
19 14.4564
0 18.4784
